Linux 6.6.51+rpt-rpi-v8 (exploravist1) 	29/11/24 	_aarch64_	(4 CPU)

23:05:18     CPU    %usr   %nice    %sys %iowait    %irq   %soft  %steal  %guest  %gnice   %idle
23:05:19     all   11.75    0.00    3.25   10.50    0.00    0.00    0.00    0.00    0.00   74.50
23:05:19       0    0.00    0.00    0.00    0.00    0.00    0.00    0.00    0.00    0.00  100.00
23:05:19       1    0.00    0.00    0.00    0.00    0.00    0.00    0.00    0.00    0.00  100.00
23:05:19       2    0.00    0.00    0.00    0.00    0.00    0.00    0.00    0.00    0.00  100.00
23:05:19       3   46.08    0.00   12.75   41.18    0.00    0.00    0.00    0.00    0.00    0.00

23:05:19     CPU    %usr   %nice    %sys %iowait    %irq   %soft  %steal  %guest  %gnice   %idle
23:05:20     all    8.52    0.00    3.51   14.04    0.00    1.00    0.00    0.00    0.00   72.93
23:05:20       0   24.75    0.00    8.91   36.63    0.00    1.98    0.00    0.00    0.00   27.72
23:05:20       1    1.01    0.00    0.00    0.00    0.00    0.00    0.00    0.00    0.00   98.99
23:05:20       2    1.01    0.00    2.02    1.01    0.00    0.00    0.00    0.00    0.00   95.96
23:05:20       3    7.00    0.00    3.00   18.00    0.00    2.00    0.00    0.00    0.00   70.00

23:05:20     CPU    %usr   %nice    %sys %iowait    %irq   %soft  %steal  %guest  %gnice   %idle
23:05:21     all   15.87    0.00    3.02    6.05    0.00    0.00    0.00    0.00    0.00   75.06
23:05:21       0   64.29    0.00   11.22   24.49    0.00    0.00    0.00    0.00    0.00    0.00
23:05:21       1    0.00    0.00    0.00    0.00    0.00    0.00    0.00    0.00    0.00  100.00
23:05:21       2    0.00    0.00    1.00    0.00    0.00    0.00    0.00    0.00    0.00   99.00
23:05:21       3    0.00    0.00    0.00    0.00    0.00    0.00    0.00    0.00    0.00  100.00

23:05:21     CPU    %usr   %nice    %sys %iowait    %irq   %soft  %steal  %guest  %gnice   %idle
23:05:22     all   14.57    0.00    1.76    8.29    0.00    0.25    0.00    0.00    0.00   75.13
23:05:22       0   58.59    0.00    7.07   33.33    0.00    1.01    0.00    0.00    0.00    0.00
23:05:22       1    0.00    0.00    0.00    0.00    0.00    0.00    0.00    0.00    0.00  100.00
23:05:22       2    0.00    0.00    0.00    0.00    0.00    0.00    0.00    0.00    0.00  100.00
23:05:22       3    0.00    0.00    0.00    0.00    0.00    0.00    0.00    0.00    0.00  100.00

23:05:22     CPU    %usr   %nice    %sys %iowait    %irq   %soft  %steal  %guest  %gnice   %idle
23:05:23     all   16.16    0.00    2.53    5.81    0.00    0.51    0.00    0.00    0.00   75.00
23:05:23       0   65.98    0.00    8.25   23.71    0.00    2.06    0.00    0.00    0.00    0.00
23:05:23       1    0.00    0.00    0.00    0.00    0.00    0.00    0.00    0.00    0.00  100.00
23:05:23       2    0.00    0.00    0.00    0.00    0.00    0.00    0.00    0.00    0.00  100.00
23:05:23       3    0.00    0.00    2.00    0.00    0.00    0.00    0.00    0.00    0.00   98.00

23:05:23     CPU    %usr   %nice    %sys %iowait    %irq   %soft  %steal  %guest  %gnice   %idle
23:05:24     all   17.68    0.00    2.53    8.08    0.00    0.00    0.00    0.00    0.00   71.72
23:05:24       0   70.00    0.00    9.00   21.00    0.00    0.00    0.00    0.00    0.00    0.00
23:05:24       1    0.00    0.00    1.00    8.00    0.00    0.00    0.00    0.00    0.00   91.00
23:05:24       2    0.00    0.00    0.00    3.03    0.00    0.00    0.00    0.00    0.00   96.97
23:05:24       3    0.00    0.00    0.00    0.00    0.00    0.00    0.00    0.00    0.00  100.00

23:05:24     CPU    %usr   %nice    %sys %iowait    %irq   %soft  %steal  %guest  %gnice   %idle
23:05:25     all    8.67    0.00    3.06   14.54    0.00    0.26    0.00    0.00    0.00   73.47
23:05:25       0   16.84    0.00    5.26   49.47    0.00    1.05    0.00    0.00    0.00   27.37
23:05:25       1    0.00    0.00    2.02    1.01    0.00    0.00    0.00    0.00    0.00   96.97
23:05:25       2    1.01    0.00    1.01    1.01    0.00    0.00    0.00    0.00    0.00   96.97
23:05:25       3   17.17    0.00    4.04    8.08    0.00    0.00    0.00    0.00    0.00   70.71

23:05:25     CPU    %usr   %nice    %sys %iowait    %irq   %soft  %steal  %guest  %gnice   %idle
23:05:26     all   16.62    0.00    3.53    4.28    0.00    0.25    0.00    0.00    0.00   75.31
23:05:26       0   16.00    0.00    6.00    2.00    0.00    0.00    0.00    0.00    0.00   76.00
23:05:26       1    0.00    0.00    0.00    0.00    0.00    0.00    0.00    0.00    0.00  100.00
23:05:26       2    0.00    0.00    0.00    0.00    0.00    0.00    0.00    0.00    0.00  100.00
23:05:26       3   51.02    0.00    8.16   15.31    0.00    1.02    0.00    0.00    0.00   24.49

23:05:26     CPU    %usr   %nice    %sys %iowait    %irq   %soft  %steal  %guest  %gnice   %idle
23:05:27     all   17.75    0.00    2.75    5.00    0.00    0.25    0.00    0.00    0.00   74.25
23:05:27       0    0.00    0.00    0.00    0.00    0.00    0.00    0.00    0.00    0.00  100.00
23:05:27       1   68.93    0.00   10.68   19.42    0.00    0.97    0.00    0.00    0.00    0.00
23:05:27       2    0.00    0.00    0.00    0.00    0.00    0.00    0.00    0.00    0.00  100.00
23:05:27       3    0.00    0.00    0.00    0.00    0.00    0.00    0.00    0.00    0.00  100.00

23:05:27     CPU    %usr   %nice    %sys %iowait    %irq   %soft  %steal  %guest  %gnice   %idle
23:05:28     all    7.75    0.00    4.00   17.00    0.00    0.25    0.00    0.00    0.00   71.00
23:05:28       0    3.03    0.00    2.02    1.01    0.00    0.00    0.00    0.00    0.00   93.94
23:05:28       1   24.27    0.00    9.71   60.19    0.00    0.97    0.00    0.00    0.00    4.85
23:05:28       2    2.00    0.00    1.00    0.00    0.00    0.00    0.00    0.00    0.00   97.00
23:05:28       3    1.02    0.00    3.06    5.10    0.00    0.00    0.00    0.00    0.00   90.82

23:05:28     CPU    %usr   %nice    %sys %iowait    %irq   %soft  %steal  %guest  %gnice   %idle
23:05:29     all   20.41    0.00    2.55    2.04    0.00    0.00    0.00    0.00    0.00   75.00
23:05:29       0    7.22    0.00    5.15    6.19    0.00    0.00    0.00    0.00    0.00   81.44
23:05:29       1   67.68    0.00    3.03    2.02    0.00    0.00    0.00    0.00    0.00   27.27
23:05:29       2    0.00    0.00    0.00    0.00    0.00    0.00    0.00    0.00    0.00  100.00
23:05:29       3    6.12    0.00    2.04    0.00    0.00    0.00    0.00    0.00    0.00   91.84

23:05:29     CPU    %usr   %nice    %sys %iowait    %irq   %soft  %steal  %guest  %gnice   %idle
23:05:30     all   27.39    0.00    1.26    1.01    0.00    0.00    0.00    0.00    0.00   70.35
23:05:30       0    3.00    0.00    3.00    1.00    0.00    0.00    0.00    0.00    0.00   93.00
23:05:30       1   98.02    0.00    0.99    0.00    0.00    0.00    0.00    0.00    0.00    0.99
23:05:30       2    3.03    0.00    0.00    2.02    0.00    0.00    0.00    0.00    0.00   94.95
23:05:30       3    4.08    0.00    1.02    1.02    0.00    0.00    0.00    0.00    0.00   93.88

23:05:30     CPU    %usr   %nice    %sys %iowait    %irq   %soft  %steal  %guest  %gnice   %idle
23:05:31     all   25.75    0.00    1.75    0.00    0.00    0.00    0.00    0.00    0.00   72.50
23:05:31       0    1.98    0.00    2.97    0.00    0.00    0.00    0.00    0.00    0.00   95.05
23:05:31       1   98.99    0.00    0.00    0.00    0.00    0.00    0.00    0.00    0.00    1.01
23:05:31       2    0.00    0.00    1.00    0.00    0.00    0.00    0.00    0.00    0.00   99.00
23:05:31       3    3.00    0.00    3.00    0.00    0.00    0.00    0.00    0.00    0.00   94.00

23:05:31     CPU    %usr   %nice    %sys %iowait    %irq   %soft  %steal  %guest  %gnice   %idle
23:05:32     all   27.27    0.00    3.28    1.26    0.00    0.25    0.00    0.00    0.00   67.93
23:05:32       0    4.08    0.00    6.12    4.08    0.00    0.00    0.00    0.00    0.00   85.71
23:05:32       1   89.90    0.00    1.01    1.01    0.00    0.00    0.00    0.00    0.00    8.08
23:05:32       2   10.20    0.00    1.02    0.00    0.00    1.02    0.00    0.00    0.00   87.76
23:05:32       3    4.95    0.00    4.95    0.00    0.00    0.00    0.00    0.00    0.00   90.10

23:05:32     CPU    %usr   %nice    %sys %iowait    %irq   %soft  %steal  %guest  %gnice   %idle
23:05:33     all    6.38    0.00    2.04    3.06    0.00    0.26    0.00    0.00    0.00   88.27
23:05:33       0    5.05    0.00    4.04    2.02    0.00    1.01    0.00    0.00    0.00   87.88
23:05:33       1   13.13    0.00    1.01    5.05    0.00    0.00    0.00    0.00    0.00   80.81
23:05:33       2    0.00    0.00    1.03    1.03    0.00    0.00    0.00    0.00    0.00   97.94
23:05:33       3    7.22    0.00    2.06    4.12    0.00    0.00    0.00    0.00    0.00   86.60

23:05:33     CPU    %usr   %nice    %sys %iowait    %irq   %soft  %steal  %guest  %gnice   %idle
23:05:34     all    2.00    0.00    1.00    0.25    0.00    0.00    0.00    0.00    0.00   96.75
23:05:34       0    4.00    0.00    0.00    0.00    0.00    0.00    0.00    0.00    0.00   96.00
23:05:34       1    0.00    0.00    0.00    0.00    0.00    0.00    0.00    0.00    0.00  100.00
23:05:34       2    1.98    0.00    2.97    0.00    0.00    0.00    0.00    0.00    0.00   95.05
23:05:34       3    2.02    0.00    1.01    1.01    0.00    0.00    0.00    0.00    0.00   95.96

23:05:34     CPU    %usr   %nice    %sys %iowait    %irq   %soft  %steal  %guest  %gnice   %idle
23:05:35     all    1.52    0.00    3.03    7.32    0.00    0.00    0.00    0.00    0.00   88.13
23:05:35       0    4.08    0.00    3.06   13.27    0.00    0.00    0.00    0.00    0.00   79.59
23:05:35       1    1.00    0.00    2.00    1.00    0.00    0.00    0.00    0.00    0.00   96.00
23:05:35       2    1.01    0.00    6.06    3.03    0.00    0.00    0.00    0.00    0.00   89.90
23:05:35       3    0.00    0.00    1.01   12.12    0.00    0.00    0.00    0.00    0.00   86.87

23:05:35     CPU    %usr   %nice    %sys %iowait    %irq   %soft  %steal  %guest  %gnice   %idle
23:05:36     all   11.22    0.00    1.25    0.25    0.00    0.00    0.00    0.00    0.00   87.28
23:05:36       0    3.96    0.00    3.96    0.00    0.00    0.00    0.00    0.00    0.00   92.08
23:05:36       1   39.00    0.00    0.00    1.00    0.00    0.00    0.00    0.00    0.00   60.00
23:05:36       2    1.00    0.00    1.00    0.00    0.00    0.00    0.00    0.00    0.00   98.00
23:05:36       3    1.00    0.00    0.00    0.00    0.00    0.00    0.00    0.00    0.00   99.00

23:05:36     CPU    %usr   %nice    %sys %iowait    %irq   %soft  %steal  %guest  %gnice   %idle
23:05:37     all    2.78    0.00    2.53   10.35    0.00    0.51    0.00    0.00    0.00   83.84
23:05:37       0    3.06    0.00    4.08   13.27    0.00    1.02    0.00    0.00    0.00   78.57
23:05:37       1    3.00    0.00    0.00    0.00    0.00    1.00    0.00    0.00    0.00   96.00
23:05:37       2    3.03    0.00    1.01    3.03    0.00    0.00    0.00    0.00    0.00   92.93
23:05:37       3    2.02    0.00    5.05   25.25    0.00    0.00    0.00    0.00    0.00   67.68

23:05:37     CPU    %usr   %nice    %sys %iowait    %irq   %soft  %steal  %guest  %gnice   %idle
23:05:38     all   16.04    0.00    3.76    8.52    0.00    0.50    0.00    0.00    0.00   71.18
23:05:38       0    1.98    0.00    4.95    0.99    0.00    0.00    0.00    0.00    0.00   92.08
23:05:38       1    2.02    0.00    2.02    0.00    0.00    0.00    0.00    0.00    0.00   95.96
23:05:38       2    1.01    0.00    2.02    0.00    0.00    0.00    0.00    0.00    0.00   96.97
23:05:38       3   59.00    0.00    6.00   33.00    0.00    2.00    0.00    0.00    0.00    0.00

23:05:38     CPU    %usr   %nice    %sys %iowait    %irq   %soft  %steal  %guest  %gnice   %idle
23:05:39     all    8.38    0.00    2.28   17.77    0.00    0.00    0.00    0.00    0.00   71.57
23:05:39       0    2.04    0.00    3.06    0.00    0.00    0.00    0.00    0.00    0.00   94.90
23:05:39       1    5.05    0.00    0.00    0.00    0.00    0.00    0.00    0.00    0.00   94.95
23:05:39       2    3.00    0.00    2.00    0.00    0.00    0.00    0.00    0.00    0.00   95.00
23:05:39       3   23.71    0.00    4.12   72.16    0.00    0.00    0.00    0.00    0.00    0.00

23:05:39     CPU    %usr   %nice    %sys %iowait    %irq   %soft  %steal  %guest  %gnice   %idle
23:05:40     all    4.33    0.00    2.80   33.08    0.00    0.00    0.00    0.00    0.00   59.80
23:05:40       0    1.03    0.00    4.12   38.14    0.00    0.00    0.00    0.00    0.00   56.70
23:05:40       1    4.08    0.00    1.02   41.84    0.00    0.00    0.00    0.00    0.00   53.06
23:05:40       2    2.02    0.00    2.02   21.21    0.00    0.00    0.00    0.00    0.00   74.75
23:05:40       3   10.10    0.00    4.04   31.31    0.00    0.00    0.00    0.00    0.00   54.55

23:05:40     CPU    %usr   %nice    %sys %iowait    %irq   %soft  %steal  %guest  %gnice   %idle
23:05:41     all   21.07    0.00    6.85    6.35    0.00    0.51    0.00    0.00    0.00   65.23
23:05:41       0    1.02    0.00    2.04    2.04    0.00    0.00    0.00    0.00    0.00   94.90
23:05:41       1   67.68    0.00    8.08    3.03    0.00    1.01    0.00    0.00    0.00   20.20
23:05:41       2   10.20    0.00   12.24   19.39    0.00    0.00    0.00    0.00    0.00   58.16
23:05:41       3    5.05    0.00    5.05    1.01    0.00    1.01    0.00    0.00    0.00   87.88

23:05:41     CPU    %usr   %nice    %sys %iowait    %irq   %soft  %steal  %guest  %gnice   %idle
23:05:42     all    3.77    0.00    2.26    9.05    0.00    0.25    0.00    0.00    0.00   84.67
23:05:42       0    2.02    0.00    3.03   32.32    0.00    0.00    0.00    0.00    0.00   62.63
23:05:42       1    3.00    0.00    2.00    1.00    0.00    0.00    0.00    0.00    0.00   94.00
23:05:42       2    2.97    0.00    2.97    1.98    0.00    0.99    0.00    0.00    0.00   91.09
23:05:42       3    7.14    0.00    1.02    1.02    0.00    0.00    0.00    0.00    0.00   90.82

23:05:42     CPU    %usr   %nice    %sys %iowait    %irq   %soft  %steal  %guest  %gnice   %idle
23:05:43     all    2.77    0.00    0.76    0.25    0.00    0.00    0.00    0.00    0.00   96.22
23:05:43       0    1.01    0.00    0.00    0.00    0.00    0.00    0.00    0.00    0.00   98.99
23:05:43       1    3.06    0.00    0.00    0.00    0.00    0.00    0.00    0.00    0.00   96.94
23:05:43       2    3.03    0.00    0.00    1.01    0.00    0.00    0.00    0.00    0.00   95.96
23:05:43       3    3.96    0.00    2.97    0.00    0.00    0.00    0.00    0.00    0.00   93.07

23:05:43     CPU    %usr   %nice    %sys %iowait    %irq   %soft  %steal  %guest  %gnice   %idle
23:05:44     all    3.51    0.00    1.50    0.00    0.00    0.00    0.00    0.00    0.00   94.99
23:05:44       0    2.00    0.00    0.00    0.00    0.00    0.00    0.00    0.00    0.00   98.00
23:05:44       1    3.92    0.00    3.92    0.00    0.00    0.00    0.00    0.00    0.00   92.16
23:05:44       2    5.00    0.00    1.00    0.00    0.00    0.00    0.00    0.00    0.00   94.00
23:05:44       3    3.09    0.00    1.03    0.00    0.00    0.00    0.00    0.00    0.00   95.88

23:05:44     CPU    %usr   %nice    %sys %iowait    %irq   %soft  %steal  %guest  %gnice   %idle
23:05:45     all    3.02    0.00    2.26    0.00    0.00    0.00    0.00    0.00    0.00   94.72
23:05:45       0    2.02    0.00    0.00    0.00    0.00    0.00    0.00    0.00    0.00   97.98
23:05:45       1    2.04    0.00    3.06    0.00    0.00    0.00    0.00    0.00    0.00   94.90
23:05:45       2    3.96    0.00    2.97    0.00    0.00    0.00    0.00    0.00    0.00   93.07
23:05:45       3    4.00    0.00    3.00    0.00    0.00    0.00    0.00    0.00    0.00   93.00

23:05:45     CPU    %usr   %nice    %sys %iowait    %irq   %soft  %steal  %guest  %gnice   %idle
23:05:46     all    4.00    0.00    3.75    1.00    0.00    0.25    0.00    0.00    0.00   91.00
23:05:46       0    2.04    0.00    2.04    0.00    0.00    0.00    0.00    0.00    0.00   95.92
23:05:46       1    5.05    0.00    2.02    3.03    0.00    1.01    0.00    0.00    0.00   88.89
23:05:46       2    1.98    0.00    4.95    0.99    0.00    0.00    0.00    0.00    0.00   92.08
23:05:46       3    6.86    0.00    5.88    0.00    0.00    0.00    0.00    0.00    0.00   87.25

23:05:46     CPU    %usr   %nice    %sys %iowait    %irq   %soft  %steal  %guest  %gnice   %idle
23:05:47     all    3.76    0.00    2.01    0.00    0.00    0.00    0.00    0.00    0.00   94.24
23:05:47       0    2.00    0.00    0.00    0.00    0.00    0.00    0.00    0.00    0.00   98.00
23:05:47       1    4.08    0.00    2.04    0.00    0.00    0.00    0.00    0.00    0.00   93.88
23:05:47       2    2.00    0.00    1.00    0.00    0.00    0.00    0.00    0.00    0.00   97.00
23:05:47       3    6.93    0.00    4.95    0.00    0.00    0.00    0.00    0.00    0.00   88.12

23:05:47     CPU    %usr   %nice    %sys %iowait    %irq   %soft  %steal  %guest  %gnice   %idle
23:05:48     all    3.27    0.00    1.51    0.25    0.00    0.00    0.00    0.00    0.00   94.97
23:05:48       0    4.04    0.00    1.01    0.00    0.00    0.00    0.00    0.00    0.00   94.95
23:05:48       1    2.00    0.00    3.00    0.00    0.00    0.00    0.00    0.00    0.00   95.00
23:05:48       2    0.00    0.00    1.00    1.00    0.00    0.00    0.00    0.00    0.00   98.00
23:05:48       3    7.07    0.00    1.01    0.00    0.00    0.00    0.00    0.00    0.00   91.92

23:05:48     CPU    %usr   %nice    %sys %iowait    %irq   %soft  %steal  %guest  %gnice   %idle
23:05:49     all    3.28    0.00    1.52    0.00    0.00    0.00    0.00    0.00    0.00   95.20
23:05:49       0    4.00    0.00    1.00    0.00    0.00    0.00    0.00    0.00    0.00   95.00
23:05:49       1    1.01    0.00    2.02    0.00    0.00    0.00    0.00    0.00    0.00   96.97
23:05:49       2    0.00    0.00    1.01    0.00    0.00    0.00    0.00    0.00    0.00   98.99
23:05:49       3    8.16    0.00    2.04    0.00    0.00    0.00    0.00    0.00    0.00   89.80

23:05:49     CPU    %usr   %nice    %sys %iowait    %irq   %soft  %steal  %guest  %gnice   %idle
23:05:50     all    3.27    0.00    2.26    0.00    0.00    0.00    0.00    0.00    0.00   94.47
23:05:50       0    0.99    0.00    2.97    0.00    0.00    0.00    0.00    0.00    0.00   96.04
23:05:50       1    5.05    0.00    1.01    0.00    0.00    0.00    0.00    0.00    0.00   93.94
23:05:50       2    2.04    0.00    0.00    0.00    0.00    0.00    0.00    0.00    0.00   97.96
23:05:50       3    5.00    0.00    5.00    0.00    0.00    0.00    0.00    0.00    0.00   90.00

23:05:50     CPU    %usr   %nice    %sys %iowait    %irq   %soft  %steal  %guest  %gnice   %idle
23:05:51     all    3.27    0.00    4.03    0.50    0.00    0.00    0.00    0.00    0.00   92.19
23:05:51       0    3.03    0.00    6.06    0.00    0.00    0.00    0.00    0.00    0.00   90.91
23:05:51       1    2.02    0.00    3.03    2.02    0.00    0.00    0.00    0.00    0.00   92.93
23:05:51       2    2.97    0.00    2.97    0.00    0.00    0.00    0.00    0.00    0.00   94.06
23:05:51       3    5.10    0.00    4.08    0.00    0.00    0.00    0.00    0.00    0.00   90.82

23:05:51     CPU    %usr   %nice    %sys %iowait    %irq   %soft  %steal  %guest  %gnice   %idle
23:05:52     all    4.02    0.00    1.26    0.00    0.00    0.00    0.00    0.00    0.00   94.72
23:05:52       0    6.00    0.00    1.00    0.00    0.00    0.00    0.00    0.00    0.00   93.00
23:05:52       1    2.00    0.00    0.00    0.00    0.00    0.00    0.00    0.00    0.00   98.00
23:05:52       2    2.04    0.00    2.04    0.00    0.00    0.00    0.00    0.00    0.00   95.92
23:05:52       3    6.00    0.00    2.00    0.00    0.00    0.00    0.00    0.00    0.00   92.00

23:05:52     CPU    %usr   %nice    %sys %iowait    %irq   %soft  %steal  %guest  %gnice   %idle
23:05:53     all    3.27    0.00    1.76    0.00    0.00    0.00    0.00    0.00    0.00   94.97
23:05:53       0    2.04    0.00    0.00    0.00    0.00    0.00    0.00    0.00    0.00   97.96
23:05:53       1    2.02    0.00    0.00    0.00    0.00    0.00    0.00    0.00    0.00   97.98
23:05:53       2    3.96    0.00    3.96    0.00    0.00    0.00    0.00    0.00    0.00   92.08
23:05:53       3    5.00    0.00    3.00    0.00    0.00    0.00    0.00    0.00    0.00   92.00

23:05:53     CPU    %usr   %nice    %sys %iowait    %irq   %soft  %steal  %guest  %gnice   %idle
23:05:54     all    3.76    0.00    1.75    0.00    0.00    0.00    0.00    0.00    0.00   94.49
23:05:54       0    4.00    0.00    1.00    0.00    0.00    0.00    0.00    0.00    0.00   95.00
23:05:54       1    4.85    0.00    2.91    0.00    0.00    0.00    0.00    0.00    0.00   92.23
23:05:54       2    1.03    0.00    1.03    0.00    0.00    0.00    0.00    0.00    0.00   97.94
23:05:54       3    5.05    0.00    2.02    0.00    0.00    0.00    0.00    0.00    0.00   92.93

23:05:54     CPU    %usr   %nice    %sys %iowait    %irq   %soft  %steal  %guest  %gnice   %idle
23:05:55     all    4.22    0.00    1.99    0.25    0.00    0.00    0.00    0.00    0.00   93.55
23:05:55       0    3.92    0.00    1.96    0.00    0.00    0.00    0.00    0.00    0.00   94.12
23:05:55       1    4.00    0.00    0.00    0.00    0.00    0.00    0.00    0.00    0.00   96.00
23:05:55       2    3.96    0.00    3.96    0.99    0.00    0.00    0.00    0.00    0.00   91.09
23:05:55       3    5.00    0.00    2.00    0.00    0.00    0.00    0.00    0.00    0.00   93.00

23:05:55     CPU    %usr   %nice    %sys %iowait    %irq   %soft  %steal  %guest  %gnice   %idle
23:05:56     all    3.54    0.00    3.29    0.51    0.00    0.25    0.00    0.00    0.00   92.41
23:05:56       0    7.07    0.00    2.02    0.00    0.00    0.00    0.00    0.00    0.00   90.91
23:05:56       1    3.03    0.00    1.01    0.00    0.00    0.00    0.00    0.00    0.00   95.96
23:05:56       2    2.04    0.00    4.08    0.00    0.00    0.00    0.00    0.00    0.00   93.88
23:05:56       3    2.02    0.00    6.06    2.02    0.00    1.01    0.00    0.00    0.00   88.89

23:05:56     CPU    %usr   %nice    %sys %iowait    %irq   %soft  %steal  %guest  %gnice   %idle
23:05:57     all    2.77    0.00    2.52    0.76    0.00    0.00    0.00    0.00    0.00   93.95
23:05:57       0    4.00    0.00    2.00    0.00    0.00    0.00    0.00    0.00    0.00   94.00
23:05:57       1    2.02    0.00    2.02    1.01    0.00    0.00    0.00    0.00    0.00   94.95
23:05:57       2    1.01    0.00    2.02    0.00    0.00    0.00    0.00    0.00    0.00   96.97
23:05:57       3    4.04    0.00    4.04    2.02    0.00    0.00    0.00    0.00    0.00   89.90

23:05:57     CPU    %usr   %nice    %sys %iowait    %irq   %soft  %steal  %guest  %gnice   %idle
23:05:58     all    3.75    0.00    1.75    0.00    0.00    0.00    0.00    0.00    0.00   94.50
23:05:58       0    3.96    0.00    1.98    0.00    0.00    0.00    0.00    0.00    0.00   94.06
23:05:58       1    2.00    0.00    1.00    0.00    0.00    0.00    0.00    0.00    0.00   97.00
23:05:58       2    3.06    0.00    2.04    0.00    0.00    0.00    0.00    0.00    0.00   94.90
23:05:58       3    5.94    0.00    1.98    0.00    0.00    0.00    0.00    0.00    0.00   92.08

23:05:58     CPU    %usr   %nice    %sys %iowait    %irq   %soft  %steal  %guest  %gnice   %idle
23:05:59     all    3.27    0.00    1.76    0.00    0.00    0.00    0.00    0.00    0.00   94.96
23:05:59       0    3.03    0.00    0.00    0.00    0.00    0.00    0.00    0.00    0.00   96.97
23:05:59       1    2.04    0.00    2.04    0.00    0.00    0.00    0.00    0.00    0.00   95.92
23:05:59       2    1.00    0.00    4.00    0.00    0.00    0.00    0.00    0.00    0.00   95.00
23:05:59       3    7.00    0.00    1.00    0.00    0.00    0.00    0.00    0.00    0.00   92.00

23:05:59     CPU    %usr   %nice    %sys %iowait    %irq   %soft  %steal  %guest  %gnice   %idle
23:06:00     all    3.97    0.00    2.23    0.00    0.00    0.00    0.00    0.00    0.00   93.80
23:06:00       0    3.92    0.00    2.94    0.00    0.00    0.00    0.00    0.00    0.00   93.14
23:06:00       1    5.00    0.00    2.00    0.00    0.00    0.00    0.00    0.00    0.00   93.00
23:06:00       2    2.00    0.00    1.00    0.00    0.00    0.00    0.00    0.00    0.00   97.00
23:06:00       3    4.95    0.00    2.97    0.00    0.00    0.00    0.00    0.00    0.00   92.08

23:06:00     CPU    %usr   %nice    %sys %iowait    %irq   %soft  %steal  %guest  %gnice   %idle
23:06:01     all    2.53    0.00    2.27    0.00    0.00    0.00    0.00    0.00    0.00   95.20
23:06:01       0    4.00    0.00    1.00    0.00    0.00    0.00    0.00    0.00    0.00   95.00
23:06:01       1    4.00    0.00    3.00    0.00    0.00    0.00    0.00    0.00    0.00   93.00
23:06:01       2    1.02    0.00    3.06    0.00    0.00    0.00    0.00    0.00    0.00   95.92
23:06:01       3    1.02    0.00    2.04    0.00    0.00    0.00    0.00    0.00    0.00   96.94

23:06:01     CPU    %usr   %nice    %sys %iowait    %irq   %soft  %steal  %guest  %gnice   %idle
23:06:02     all    3.79    0.00    3.54    1.26    0.00    0.00    0.00    0.00    0.00   91.41
23:06:02       0    3.03    0.00    2.02    3.03    0.00    0.00    0.00    0.00    0.00   91.92
23:06:02       1    2.02    0.00    3.03    2.02    0.00    0.00    0.00    0.00    0.00   92.93
23:06:02       2    6.00    0.00    3.00    0.00    0.00    0.00    0.00    0.00    0.00   91.00
23:06:02       3    4.08    0.00    6.12    0.00    0.00    0.00    0.00    0.00    0.00   89.80

23:06:02     CPU    %usr   %nice    %sys %iowait    %irq   %soft  %steal  %guest  %gnice   %idle
23:06:03     all    3.52    0.00    2.01    0.75    0.00    0.00    0.00    0.00    0.00   93.72
23:06:03       0    3.96    0.00    1.98    0.00    0.00    0.00    0.00    0.00    0.00   94.06
23:06:03       1    6.12    0.00    2.04    3.06    0.00    0.00    0.00    0.00    0.00   88.78
23:06:03       2    1.01    0.00    0.00    0.00    0.00    0.00    0.00    0.00    0.00   98.99
23:06:03       3    3.00    0.00    4.00    0.00    0.00    0.00    0.00    0.00    0.00   93.00

23:06:03     CPU    %usr   %nice    %sys %iowait    %irq   %soft  %steal  %guest  %gnice   %idle
23:06:04     all   25.74    0.00    1.98    0.25    0.00    0.00    0.00    0.00    0.00   72.03
23:06:04       0    1.98    0.00    0.99    0.00    0.00    0.00    0.00    0.00    0.00   97.03
23:06:04       1    4.00    0.00    2.00    0.00    0.00    0.00    0.00    0.00    0.00   94.00
23:06:04       2   94.00    0.00    0.00    1.00    0.00    0.00    0.00    0.00    0.00    5.00
23:06:04       3    3.88    0.00    4.85    0.00    0.00    0.00    0.00    0.00    0.00   91.26

23:06:04     CPU    %usr   %nice    %sys %iowait    %irq   %soft  %steal  %guest  %gnice   %idle
23:06:05     all   26.93    0.00    1.00    0.00    0.00    0.00    0.00    0.00    0.00   72.07
23:06:05       0    0.00    0.00    0.00    0.00    0.00    0.00    0.00    0.00    0.00  100.00
23:06:05       1    2.04    0.00    1.02    0.00    0.00    0.00    0.00    0.00    0.00   96.94
23:06:05       2   97.03    0.00    0.99    0.00    0.00    0.00    0.00    0.00    0.00    1.98
23:06:05       3    7.84    0.00    1.96    0.00    0.00    0.00    0.00    0.00    0.00   90.20

23:06:05     CPU    %usr   %nice    %sys %iowait    %irq   %soft  %steal  %guest  %gnice   %idle
23:06:06     all   26.63    0.00    1.01    1.76    0.00    0.25    0.00    0.00    0.00   70.35
23:06:06       0    0.00    0.00    0.00    0.00    0.00    0.00    0.00    0.00    0.00  100.00
23:06:06       1    4.00    0.00    1.00    0.00    0.00    0.00    0.00    0.00    0.00   95.00
23:06:06       2   97.96    0.00    0.00    0.00    0.00    1.02    0.00    0.00    0.00    1.02
23:06:06       3    5.94    0.00    2.97    6.93    0.00    0.00    0.00    0.00    0.00   84.16

23:06:06     CPU    %usr   %nice    %sys %iowait    %irq   %soft  %steal  %guest  %gnice   %idle
23:06:07     all   26.57    0.00    2.76    0.25    0.00    0.00    0.00    0.00    0.00   70.43
23:06:07       0    1.01    0.00    1.01    1.01    0.00    0.00    0.00    0.00    0.00   96.97
23:06:07       1    4.00    0.00    3.00    0.00    0.00    0.00    0.00    0.00    0.00   93.00
23:06:07       2   97.98    0.00    1.01    0.00    0.00    0.00    0.00    0.00    0.00    1.01
23:06:07       3    3.96    0.00    5.94    0.00    0.00    0.00    0.00    0.00    0.00   90.10

Average:     CPU    %usr   %nice    %sys %iowait    %irq   %soft  %steal  %guest  %gnice   %idle
Average:     all   10.05    0.00    2.43    4.10    0.00    0.12    0.00    0.00    0.00   83.31
Average:       0    8.87    0.00    2.86    6.22    0.00    0.16    0.00    0.00    0.00   81.88
Average:       1   13.69    0.00    1.87    3.22    0.00    0.10    0.00    0.00    0.00   81.12
Average:       2    9.80    0.00    1.79    1.25    0.00    0.06    0.00    0.00    0.00   87.09
Average:       3    7.82    0.00    3.20    5.70    0.00    0.14    0.00    0.00    0.00   83.14
