Linux 6.6.51+rpt-rpi-v8 (exploravist1) 	29/11/24 	_aarch64_	(4 CPU)

22:05:35     CPU    %usr   %nice    %sys %iowait    %irq   %soft  %steal  %guest  %gnice   %idle
22:05:36     all    0.00    0.00    0.00    0.00    0.00    0.00    0.00    0.00    0.00  100.00
22:05:36       0    0.00    0.00    0.00    0.00    0.00    0.00    0.00    0.00    0.00  100.00
22:05:36       1    0.00    0.00    0.00    0.00    0.00    0.00    0.00    0.00    0.00  100.00
22:05:36       2    0.00    0.00    0.00    0.00    0.00    0.00    0.00    0.00    0.00  100.00
22:05:36       3    0.00    0.00    0.00    0.00    0.00    0.00    0.00    0.00    0.00  100.00

22:05:36     CPU    %usr   %nice    %sys %iowait    %irq   %soft  %steal  %guest  %gnice   %idle
22:05:37     all    0.00    0.00    0.00    0.00    0.00    0.00    0.00    0.00    0.00  100.00
22:05:37       0    0.00    0.00    0.00    0.00    0.00    0.00    0.00    0.00    0.00  100.00
22:05:37       1    0.00    0.00    0.00    0.00    0.00    0.00    0.00    0.00    0.00  100.00
22:05:37       2    0.00    0.00    0.00    0.00    0.00    0.00    0.00    0.00    0.00  100.00
22:05:37       3    0.00    0.00    0.00    0.00    0.00    0.00    0.00    0.00    0.00  100.00

22:05:37     CPU    %usr   %nice    %sys %iowait    %irq   %soft  %steal  %guest  %gnice   %idle
22:05:38     all    0.50    0.00    0.25    0.00    0.00    0.00    0.00    0.00    0.00   99.25
22:05:38       0    1.00    0.00    0.00    0.00    0.00    0.00    0.00    0.00    0.00   99.00
22:05:38       1    0.99    0.00    0.00    0.00    0.00    0.00    0.00    0.00    0.00   99.01
22:05:38       2    0.00    0.00    0.99    0.00    0.00    0.00    0.00    0.00    0.00   99.01
22:05:38       3    0.00    0.00    0.00    0.00    0.00    0.00    0.00    0.00    0.00  100.00

22:05:38     CPU    %usr   %nice    %sys %iowait    %irq   %soft  %steal  %guest  %gnice   %idle
22:05:39     all    0.50    0.00    1.50    0.25    0.00    0.00    0.00    0.00    0.00   97.74
22:05:39       0    0.00    0.00    2.00    0.00    0.00    0.00    0.00    0.00    0.00   98.00
22:05:39       1    1.01    0.00    0.00    1.01    0.00    0.00    0.00    0.00    0.00   97.98
22:05:39       2    1.00    0.00    1.00    0.00    0.00    0.00    0.00    0.00    0.00   98.00
22:05:39       3    0.00    0.00    3.00    0.00    0.00    0.00    0.00    0.00    0.00   97.00

22:05:39     CPU    %usr   %nice    %sys %iowait    %irq   %soft  %steal  %guest  %gnice   %idle
22:05:40     all    0.00    0.00    0.00    0.00    0.00    0.00    0.00    0.00    0.00  100.00
22:05:40       0    0.00    0.00    0.00    0.00    0.00    0.00    0.00    0.00    0.00  100.00
22:05:40       1    0.00    0.00    0.00    0.00    0.00    0.00    0.00    0.00    0.00  100.00
22:05:40       2    0.00    0.00    0.00    0.00    0.00    0.00    0.00    0.00    0.00  100.00
22:05:40       3    0.00    0.00    0.00    0.00    0.00    0.00    0.00    0.00    0.00  100.00

22:05:40     CPU    %usr   %nice    %sys %iowait    %irq   %soft  %steal  %guest  %gnice   %idle
22:05:41     all    0.00    0.00    0.50    0.00    0.00    0.00    0.00    0.00    0.00   99.50
22:05:41       0    0.00    0.00    0.00    0.00    0.00    0.00    0.00    0.00    0.00  100.00
22:05:41       1    0.00    0.00    0.99    0.00    0.00    0.00    0.00    0.00    0.00   99.01
22:05:41       2    0.00    0.00    0.00    0.00    0.00    0.00    0.00    0.00    0.00  100.00
22:05:41       3    0.00    0.00    1.00    0.00    0.00    0.00    0.00    0.00    0.00   99.00

22:05:41     CPU    %usr   %nice    %sys %iowait    %irq   %soft  %steal  %guest  %gnice   %idle
22:05:42     all    0.00    0.00    0.00    0.00    0.00    0.00    0.00    0.00    0.00  100.00
22:05:42       0    0.00    0.00    0.00    0.00    0.00    0.00    0.00    0.00    0.00  100.00
22:05:42       1    0.00    0.00    0.00    0.00    0.00    0.00    0.00    0.00    0.00  100.00
22:05:42       2    0.00    0.00    0.00    0.00    0.00    0.00    0.00    0.00    0.00  100.00
22:05:42       3    0.00    0.00    0.00    0.00    0.00    0.00    0.00    0.00    0.00  100.00

22:05:42     CPU    %usr   %nice    %sys %iowait    %irq   %soft  %steal  %guest  %gnice   %idle
22:05:43     all    0.00    0.00    0.25    0.00    0.00    0.00    0.00    0.00    0.00   99.75
22:05:43       0    0.00    0.00    0.00    0.00    0.00    0.00    0.00    0.00    0.00  100.00
22:05:43       1    0.00    0.00    1.00    0.00    0.00    0.00    0.00    0.00    0.00   99.00
22:05:43       2    0.00    0.00    0.00    0.00    0.00    0.00    0.00    0.00    0.00  100.00
22:05:43       3    0.00    0.00    0.00    0.00    0.00    0.00    0.00    0.00    0.00  100.00

22:05:43     CPU    %usr   %nice    %sys %iowait    %irq   %soft  %steal  %guest  %gnice   %idle
22:05:44     all    0.50    0.00    1.75    0.25    0.00    0.00    0.00    0.00    0.00   97.49
22:05:44       0    0.00    0.00    2.00    0.00    0.00    0.00    0.00    0.00    0.00   98.00
22:05:44       1    1.01    0.00    1.01    0.00    0.00    0.00    0.00    0.00    0.00   97.98
22:05:44       2    0.99    0.00    1.98    0.00    0.00    0.00    0.00    0.00    0.00   97.03
22:05:44       3    0.00    0.00    2.02    1.01    0.00    0.00    0.00    0.00    0.00   96.97

22:05:44     CPU    %usr   %nice    %sys %iowait    %irq   %soft  %steal  %guest  %gnice   %idle
22:05:45     all    0.25    0.00    0.25    0.00    0.00    0.00    0.00    0.00    0.00   99.50
22:05:45       0    0.00    0.00    0.00    0.00    0.00    0.00    0.00    0.00    0.00  100.00
22:05:45       1    0.99    0.00    0.99    0.00    0.00    0.00    0.00    0.00    0.00   98.02
22:05:45       2    0.00    0.00    0.00    0.00    0.00    0.00    0.00    0.00    0.00  100.00
22:05:45       3    0.00    0.00    0.00    0.00    0.00    0.00    0.00    0.00    0.00  100.00

Average:     CPU    %usr   %nice    %sys %iowait    %irq   %soft  %steal  %guest  %gnice   %idle
Average:     all    0.18    0.00    0.45    0.05    0.00    0.00    0.00    0.00    0.00   99.32
Average:       0    0.10    0.00    0.40    0.00    0.00    0.00    0.00    0.00    0.00   99.50
Average:       1    0.40    0.00    0.40    0.10    0.00    0.00    0.00    0.00    0.00   99.10
Average:       2    0.20    0.00    0.40    0.00    0.00    0.00    0.00    0.00    0.00   99.40
Average:       3    0.00    0.00    0.60    0.10    0.00    0.00    0.00    0.00    0.00   99.30
